430

23513 239 16 301,3, 30521,
338, 19, 400, 9, ”,342 144 144
1321314,”’1324,,394 44441444-
que 43441 ve. 1’4
Aa} QQAAAQAAAAAAA 650,
1141414144 A 103, 2
11414114 :ob idolothytis obhorret
414414 44 A 240, 8
igniri 144411 “44339,1, 44444
ignitum 3841
181114111113 ⁴⁷⁴* ¹⁸ ⁶³⁸
ignoranter 441 414411411444114411 non
4144444444 301, 16, 315, 3 (⁶1⁴-
1114414441144440(1Ἡ44 'Aa' 1441141) 468,
24,11114 1441444114 690, 9, 11114
414444 689, 121444414441. 41-
44451444)- 11114 ’4441 111144 454444-
domm oAdiium: 11114 444141441-
44474759, 36191514131111144 41) 44144
14114), 414-11144 A 93ω4414344
(= 41141) A 69, 19
immo: 444111411444441114144141444
4444 4441444 ,11754154 A 183,
A
441 444ιέ444, 4444 441144 359, 3
141111 11,.1111111111
340,1, 14 44444 411444 4441141 390,
24, 373, 7, 114414441411114 1444-
141444 4114,3,14444...441)144411444
441514 44 14444 4444441444 (--44ο
4444383144 1443444) 4444444 (ii-'3¹⁰' 1114
40841Ι 144 441 273, 36, 3399,
·633,15,615,8’,(ε4-
144)305,,23 3541 ( (ruptor,
14))231, 23, 385, 7, 258, 11,* 383,
331819, 642,30,410,6,144
corporo 4444 (= 414444) 534, 4,
sunt 1144441414 114 44 535 3
144444144 44442953, 363, ’422
mwmffl,ffi3ffl,ffl3h
1111111ο 1110111 14¹¹¹ 111.
4144144 649, 5

14144

ono· non 14444444 651,18,131,
3,- 141444 4444441911, 14

4444Α444ὦ4444..1258,13,ωω·179,

44444414 noro 610, ὛἬΙἸ,

14 nonum ominem ,41444441 303,
8, 4444144144444441414414444
14441, dieo 44 144444 noctem
4441144 A 313,127,--14 44-
141144 1414411444 4444444444 41444
411444444513, 14 14441414 no·
14414144 4441119,3,14 landon
44444444 41 4144411144 10, 13, 8343,
8,,,,,,341542511551,9,331,
8335A113 30514, 39513· 574,
23,763,35, 43114 763,,26 353,
1332 619,53 3331533111,
333,,8·34114,110,4,-

14 444 441144 1444114 444

,5, 4
4444144 11444114 14441444 441 mi·
414144131,10,414144 in 1144
444141444 281, 133 14 444444 41-
4141114 A 284, 37, 1444144444-
4444 281), 183 132, 7· 65514,
332,14,14 comminuo 1144444444
342, 83 in 4444444 313, 34, 512,
32, 905,4 6051464151, 816,
304 14 salodon 1414114444414414
14444 A 294, 107, 14 molino 508,
21, 774, 3, 7417, 10, 14 44144600,
3· 14 4411448337, 14 postorum
509, 12, 530, 21· 1414144444 716
30,4444414411444456,499,20,
515,38p520,33 542,,18 684,133
31313, 72511, 7941,13(4 4444-
14411141 513,15),14 4444444444
57511196,27,14 4414144314,
1,14”-144144 inquantum 410,
17, 444, 8· 621, 6, 44144144-
44441444 446,11,14 1444144305,

1194, 35, 3 43, 14 nantum
5349, 653, 3, 134, 14, 171,
9,14 141444 (Ῐτ444144)290, 33
5A6, 10, 614 9 637, 18· 635301
637, 23, 631135, 731, 19, 725,
20,773,3,137,,31142,1,
144444553,15,673,9,1444-
4444 A 101, 5- -14 4444114544
,1111115111 1, 1111
91, 74531, 195181105374

14 4444444144, 144414444411444 1110,8,1109,11,1113,.2

51514 114144444414 444441-

18,1118,11. 15

44411444 44414414 4441144 3, 9· 14 44444441δῦ4 lux 555, 20, 1148,,2

44444144 144144144141146,13, 14,

14444444 144 1 311', 35

14, 331, 7, 390, 32, 44 ,4441441444 inaquoso 1144144 306, 11

 

