330 Index

Psalmi 696. . 166,13,190,911’661611138,17 ..... 49041
66,19. .191,7 140,9 , . ,68, 8, 714, 18
61,9 ....... 191,9
67, 9-9. ,96, 19
67, 6 ........ 70,6Ρι·ο71616141,94-61,, 4174,16
67 6 ....... 189 7 198 99.. ,41,17
67, 7. .174, 16, 917, 16, 9, 16.. ,4176, 90
497,16,764,6 6,11.19,1661018714
71,1.9.. ,;,’,’99814617 6,98 ....... 116,6
79, 97 8,19, 6 4, 97.. 4,188,11
73,19,.,,..98,Ι9 ’6,96,, ,41769
61,1 ........ 71,1 6;.-97 ·
81,3 ....... 118, 19 8,
81,6.,...49,1,70,6 9,
81,6.7......71,1 9,
81,8. ....... 96,4 9,
83, 9, 6. . 168, 96, 319,9 9,1,.468,91,767,19,
87,10...,.,88,16 89417
88,98-34 ,...63,9 10,6 ,,,,,,, 3896
8831-33 2416496m 10:9·.·...155,10
46919 10,19..,,.,179,18
8833,641,.67,19,640,91 11,96,.,..,164,18
8634, .497,9 11,61....,4196,17
9016 ,46119 19, 16. , , , , . 190, 11
96,9 ....... 161,6 19,99,,,,.,179,91
96,1 ........ 98,7 16,Ι-6...,,704,13
96 ..11619 13,7,,.,.4166,17
.491,6 1694 ....... 1803
106, 14 .A111, 17 14,9 ,,,,,,, 441,1
106, 90 ,,,,,,, 661 14, Ι9,.4179,3,419696
109,19, ...963 14,16.,,.,.4176,4
109, 3.4 , .60,16, 7067 14, 96. . , ,,198, 13
110,11......134‚4 16,6 . , .166,Ι7,968,60
111,9 ....... 110,17 16,19,10. , , . .477,7
119,7 ...... A 169,6 16,1 ,,,,,,, 4693
ΙΙ6,14...,.499,16 16,6,,.109,96,674,6
1161916 . . . ,861, 11 16, 97 ....... 690,4
116,16,.199,6,344,16; 16,99...,...190,9
481,8,499,1, 17,4 . , .690,7,731, 19
- 861,14 18,19. . , , .. 66619
117,6.7..191,10,339,9 19,.6 ..,,894,94
117,18,....,167,11 90,7. .,,1107,386,16
117, 99-96, .89, 8, 4196, 6 9 ....... 376, 7
117,96.,.,,,,68,9 ,18016
11819. . Ι69,4,344,99 ,,66316
118106.. .. ,419Ι,6 ,173,10
118, 190 ....... 88,7 3:110.. 6, 676, 91
118176. . . . , 46619
199,1. . . , , . ,810, 16
196, 66 . ,199,7,644,18 5('1).. ,4176,4,
1988 ,,,,,, 41687 , .,,176 17
131,11.....,·.76,8 5.⁰:m‘..
164,16-16,.160,99;391, 13
136,3,4..,,4113,6
16616 ....... 967,7

 

