436 ¹ 12121

libramine luterum 2111122121 lambos lumino(= oouli 1121121128, 24
1296,152 1212111211 312112 712 42413
libratu ¹torruo 212122 oum montibus 1212122112 122 2121212 (22122121

A 11. 16, 21122122 01112221 222-122312522Ῑο
1121111212112 po A 298, 24, 112- 122122112212 21211122 A 128, 5
12211112112 2224231212 22212212 212- 1222221118,10,11,13,2222 21221.
112 1316, 201, 1111212 ampo 212- 21212 ”,·1964,12222211212699,
81230(;15Μ444244442ω40257,0 44} 1244221122 18, 5, 19, 1
626, 19, 117, 16· 774,14,- 1211- luxu (-12121)129144, (= cupido
22221 625, 17, -1221221412221212 112 221112) 1 188, 24
22121111211222627,18,-2232211-
121221 719, 11, 2112121212,-
1122111112121112112 32.121221271

uo tui 121122 21122 112121222121 2212212 2212 221221

orso mmmmm, 18Ρ, 8212122111 298, 28

123212 1111212 (= 2212141)1292,122111’2122 nimio rudore V 216
58 122312 (= 221122), 1112.. temptationi

licentio (-· 22122122) 472, 16, 757, 212112 222 1222112212231212212

25, 226, 12, 200, 11 21122112 1221112 promeruit 3034,
1132212 12321212 111618 471, 10, 561, 8, 583, 17, 586, 2,
1112212 121122 gerendorum 1222111221 6057, 635,19;641,16, 653, 8,’

523,16,112112122111122122113211 674, 12, 688, 14. 21, 696, 15, 122·

5104, 570, 19, disponere 2111- 312- 2122 513, 12, 189, 21, 122-

muro 2113211 596, 25, 775, 4 312 tom 552, 8, 573, 26, 12
11128212 8532211122 1422211 2122121111 32112 8421„ 5, 3221 122312 221 7,

2
localis persecutio 817, 3 21 21211212 21 hortamentum 657,
1222211122111221221212 2112112121 2, *222232111221 664, 19, 776,

2831,11111221221221212121110, 6·-- morum 546,4,- --oorrupto3

15 122 475,19;*1122211122 21112
121212 (oo 121212 23212132221122212- 468, 6, 2112121221 magisterii 707,

loru) 122322 2112111212 12121121 24 1,

8 2,2111212211122 1212112 12122 mo alii (z mirabiliore. ’8)4,01

2122 2122211255, 16, 3211121111) iffi 28, 42218, 501, 23, 6749,

2116,8 696’4,’1177,28
1212112 i: colloquium) A 61, 10 mulo i: 2111111221) 467, 17, 563,
12232222 2112 353, 25 16, 1 1,42
longo priusquam 49818 maledictus 468, 9
12135122ἰωί2 123122112222221211811,2321261122 222211111ι1Μ21ιι
loquacibus uerbis 1211216101 ιιΙ1444111444411114444141241422411141204·
12321 Christum 231, 21, 1135, 13 16,12212212211112122221212222·

-121111222212121222122558 uo. 2112121222 1212212212 2221

Μοῃθὲἒιῶωἳιέ 576003-2111- 122322212ἓί 3222 2212 222122 o'nt

121122 iuu-

11122 12122 A 10, 5,- -1112322 mulus (=‘ o πονηρός) 286, 6, 287,

338, 21 marsurpiis
11111221· 12 221122 223212 A 284, 21 mamona 381, 18, 456, 12
lugo& is: 2122112212 2221) 22112 2122 122212ἕέ1 pig 121142 protracto torpore
1212112212112121222121313,126 222122212112222173), 24
1211121221122221308,9 1222112211 122222 306, 32 - 22-
11121211 112212 21122 1211112212 (uest 122122 1,3,189,3,-1227

443, ¹445) 342 33- mmmm 24211142 421424 mortuiis 1299, 43,

 

