scriptorum. 331

Ρῐοαοτ11221,20..,,,2205 1031188651,
8118 2831111118
28, 28.. 1,.18, 22
29,22., ..82813
3816.. ,2,211,22

..218815

, ,155, 13
,,2218, 11
1311883186
, , ,181, 21
Ι Ι 0 1⁷⁷2?
, ....... 141, 18

, ....... 1182

Ecclesia-1, 14. ..122, 12 , . , . ,11819
stes 88 ....... 14816 , ,.,,410, 18
5,9 ....... 16811 , ..,,,,41820
1,11, ..155,11 , ,,,,..181,5

10‚9 ....... 114,6 ,. ,,,,2185,1
1816. ..,'416623 ,,,.,,,2185,16

Ι 11,30. ,511,8 , ..,,1ξὲῗὲ

sszssfflffiP

04211555116211118211111
cantico-4, 8 ,,,,,,, 819, 20
rum 4, 12, .151, 2
4,12 13,. 80824, 8289 ,
81 ....... 819, 21 14,11. 12
6, 8,, ..2,136, 150, 23 lg} {...-3 2..
2811 , ..125,19
Sa iential, 1 ....... 155, 9 24, 3-6, ,62, 15
8115518118... ,6488 24,13.,,,,.62,15
nis 2,12-11, .1,9 11 25,9 ,,,,,,, 116, 22
2,19-22. .19,11, A11’1,9 2811 ,. , ..211810
21,.,22 ,220829 , ,,.,,2111,12
24, ..,42120 , ...118 18305, 9,
4, 5,, ,2 39, 4 331, 12
4-,,8 ,128,9,,34312, ,.,,,,.2194,1
48113 , ,,...,181,10
1,,8, ,234, 10 , ,,111,1,225,19,
11,,16818,181,13, 6986, 131, 11
41812 , , ,118 10, 316, 19
1. 2.. .A 218 8 , ,,,2205 13
11, ,158 21, 311, 23 ,11446,22,112,10
1,4 158 21 311, 24
1-9..1,28'14;343, 21, ,
368, 25' ‚ ..24199 15
89.. ..,194 19 , ,22281
Η.. mm , ΗΗ2ΜἊ
11. ,2,19215 , .....2194,6
26.,2111,1
13-19, .2,190 19
15, ..A 188, 21 Hom ,
13,1-4.16015 32213 ,24 ,,,,,,, 52,1
15,1,.5-111681,32’2,2 ,,,15213,,3512

2,
2,
3,
8,
3,
3,
4,
4,
4,1
5,
5,
6,
6,
1,
9,
9,

,,,220512
..2382
,40828 2386
,,,2692

Siramdoe 8,,
’11

1,
2,
2,
2,1012,

 

