386 10600

24, 820, 8, 00100000 100 ’0000 10- 000010 381, 18, eleemosynae 0000
6061170016, 001011 0000010011οι0 001) 000010110 00600100 10000001
111131311133111111 113301111111101333
(101001213, 14, 602, 18, eum 000 100 6000 382, 21, 60000 0000 010-
scindunt 0006000 00 0100011000100 00000 0 111014, 0001000 0100
639,1, 7182, 811, ,001100 uo· 00001 0011511100.
001011000100001000010011000000- mn Δ 261, 25
00100 218, 2 ⁸2. scindi 000 001001 110001101100001100000132, 16, 53013
214, 17,2111. , 61010100 001001 11000110 0010735,11
0010611211,16, 00100010 uum 00· Enoch 1000010100 311,16, 126126,
&uu ὓ3,,1131113 1111 011 11131111· 10
0 un 0
Christi 214, ,222,9,οι1110.01οῃ00- 10000001 254, 1
007001 421708610, 21ἷὶ831, 2311ἰὶ ἐξ, 11310100 00100000010000110000 721,
0 ’0101010 81100 ”nummii episeopus: ο · ω dous 000 000,
289, 7, 777, 10 00 00001000 001- 9, 471, 1111211888, 8, 629, 3,
dem 0000006000 222, 7, 28018 670, 16, 672, 10. 19, 726, 17,
(uid. baptism 0110000010), 727, 6, 733, 12, 113012, 0001
10100600 0010000 000116000οο00 0 0010100000 0000000000 213, 2,
0000000000 218, 2 00. 0001 ,0100010 ῗὲ9, 9, 611112, 193 821, 6,,191,
1113111318ωᾶ 0160111110111131131
117,2,619,1,010000610 ,14, mauu 01 honorus 01 0010010100
58113, 00010010 000010 0060 10- 113, 3, 0101011 6100000010οα 672,
1010010 Δ 115, 12 16, procuratores 0000000000 600·
00010010 00000000 520, 7, - muli· 101000 195, 7 00. 1010010010-
01111101011 11, 0, 00, nn 111111111113331111311
2050803000 martyr auunculus Celerum 3131uutumtiffiutocstuntue 7815, 3, 091,
11100010 311, 20 0001011100ιο homin& 1081111610οἰσὲἶ
eleemosyna: 60 00 ugit cyprianus 0000100110000011011193,8,000000
108, 100373-334, 0100000000οο 0000001 168, 6, 0100110 000 0000
1000 377, 01, 0100010006100 00001- 00 0011000 1101629, 20, 672, 5,
1000010000 01000 00101106001000 173, 9, 736, 21, 738, 4, 73312,
0000011375, 20, 0 00 0000 6001 010101010100100101000 610000011·
sacrificiu 600 000 201, 27, 110 0061001 indi 00 recusandi 738,
10 000 tur 374, 3 0001 1,737,20, m uuum (11000011
mamm 1000 371, 21, 0100 unusquis 00 libera arbitrii 000 .
10011000100010010110010υο0010000 00000111006100110’01100100111ᾳο01
0101 0010 010 01100 00060101141, admissum 68318, 0010000000 00-
11131111ή103111131 11133 3131113
11ῗ378, 12, 011110 0000000101 do: 0011000 00111111η110000’17’2,11, 74003
bemus 380, 8, 385,19; 387,13; 189, 1,666,14,676,7,678,4,
1000 00100100 00110 001114, 800. , 21, 0010000000 0000000001-
nou 100100100 000 tumultuoso 000- ustum 01 011000 0010000 000 60101
0006001501, 151, 10, 100110 000 Α 169, 8, 001000οο000 u' 0666,
000110 0 ndum 177, 6, oeru- 17, 247, 16, integritus 36, 1,
tionum 11ιὲ100 10001101000010 777,1, docibilitas 807, 10, 812,

23212, 0000001 000011 00010000 20, episcoporum 0001001100 000010

 

